1
1151	0	1151.PNG	0	0	
1152	0	1152.PNG	0	0	
1153	0	1153.PNG	0	0	
1154	1	1154.PNG	0	1154_label.PNG
1155	0	1155.PNG	0	0	
1156	0	1156.PNG	0	0	
1157	0	1157.PNG	0	0	
1158	0	1158.PNG	0	0	
1159	0	1159.PNG	0	0	
1160	0	1160.PNG	0	0	
1161	0	1161.PNG	0	0	
1162	0	1162.PNG	0	0	
1163	0	1163.PNG	0	0	
1164	0	1164.PNG	0	0	
1165	0	1165.PNG	0	0	
1166	0	1166.PNG	0	0	
1167	0	1167.PNG	0	0	
1168	0	1168.PNG	0	0	
1169	0	1169.PNG	0	0	
1170	0	1170.PNG	0	0	
1171	1	1171.PNG	0	1171_label.PNG
1172	0	1172.PNG	0	0	
1173	0	1173.PNG	0	0	
1174	0	1174.PNG	0	0	
1175	0	1175.PNG	0	0	
1176	0	1176.PNG	0	0	
1177	0	1177.PNG	0	0	
1178	0	1178.PNG	0	0	
1179	0	1179.PNG	0	0	
1180	0	1180.PNG	0	0	
1181	0	1181.PNG	0	0	
1182	0	1182.PNG	0	0	
1183	1	1183.PNG	0	1183_label.PNG
1184	0	1184.PNG	0	0	
1185	0	1185.PNG	0	0	
1186	1	1186.PNG	0	1186_label.PNG
1187	0	1187.PNG	0	0	
1188	0	1188.PNG	0	0	
1189	0	1189.PNG	0	0	
1190	0	1190.PNG	0	0	
1191	0	1191.PNG	0	0	
1192	0	1192.PNG	0	0	
1193	0	1193.PNG	0	0	
1194	0	1194.PNG	0	0	
1195	1	1195.PNG	0	1195_label.PNG
1196	0	1196.PNG	0	0	
1197	0	1197.PNG	0	0	
1198	0	1198.PNG	0	0	
1199	0	1199.PNG	0	0	
1200	0	1200.PNG	0	0	
1201	0	1201.PNG	0	0	
1202	0	1202.PNG	0	0	
1203	0	1203.PNG	0	0	
1204	0	1204.PNG	0	0	
1205	0	1205.PNG	0	0	
1206	0	1206.PNG	0	0	
1207	0	1207.PNG	0	0	
1208	0	1208.PNG	0	0	
1209	0	1209.PNG	0	0	
1210	0	1210.PNG	0	0	
1211	1	1211.PNG	0	1211_label.PNG
1212	0	1212.PNG	0	0	
1213	0	1213.PNG	0	0	
1214	0	1214.PNG	0	0	
1215	0	1215.PNG	0	0	
1216	0	1216.PNG	0	0	
1217	0	1217.PNG	0	0	
1218	0	1218.PNG	0	0	
1219	0	1219.PNG	0	0	
1220	0	1220.PNG	0	0	
1221	0	1221.PNG	0	0	
1222	0	1222.PNG	0	0	
1223	0	1223.PNG	0	0	
1224	0	1224.PNG	0	0	
1225	1	1225.PNG	0	1225_label.PNG
1226	0	1226.PNG	0	0	
1227	0	1227.PNG	0	0	
1228	0	1228.PNG	0	0	
1229	0	1229.PNG	0	0	
1230	0	1230.PNG	0	0	
1231	0	1231.PNG	0	0	
1232	0	1232.PNG	0	0	
1233	0	1233.PNG	0	0	
1234	0	1234.PNG	0	0	
1235	0	1235.PNG	0	0	
1236	0	1236.PNG	0	0	
1237	0	1237.PNG	0	0	
1238	0	1238.PNG	0	0	
1239	0	1239.PNG	0	0	
1240	0	1240.PNG	0	0	
1241	0	1241.PNG	0	0	
1242	0	1242.PNG	0	0	
1243	0	1243.PNG	0	0	
1244	0	1244.PNG	0	0	
1245	0	1245.PNG	0	0	
1246	0	1246.PNG	0	0	
1247	0	1247.PNG	0	0	
1248	0	1248.PNG	0	0	
1249	1	1249.PNG	0	1249_label.PNG
1250	1	1250.PNG	0	1250_label.PNG
1251	1	1251.PNG	0	1251_label.PNG
1252	0	1252.PNG	0	0	
1253	0	1253.PNG	0	0	
1254	1	1254.PNG	0	1254_label.PNG
1255	0	1255.PNG	0	0	
1256	0	1256.PNG	0	0	
1257	0	1257.PNG	0	0	
1258	0	1258.PNG	0	0	
1259	0	1259.PNG	0	0	
1260	1	1260.PNG	0	1260_label.PNG
1261	0	1261.PNG	0	0	
1262	0	1262.PNG	0	0	
1263	0	1263.PNG	0	0	
1264	0	1264.PNG	0	0	
1265	0	1265.PNG	0	0	
1266	0	1266.PNG	0	0	
1267	0	1267.PNG	0	0	
1268	0	1268.PNG	0	0	
1269	0	1269.PNG	0	0	
1270	1	1270.PNG	0	1270_label.PNG
1271	0	1271.PNG	0	0	
1272	0	1272.PNG	0	0	
1273	0	1273.PNG	0	0	
1274	1	1274.PNG	0	1274_label.PNG
1275	0	1275.PNG	0	0	
1276	0	1276.PNG	0	0	
1277	0	1277.PNG	0	0	
1278	0	1278.PNG	0	0	
1279	0	1279.PNG	0	0	
1280	1	1280.PNG	0	1280_label.PNG
1281	0	1281.PNG	0	0	
1282	0	1282.PNG	0	0	
1283	0	1283.PNG	0	0	
1284	0	1284.PNG	0	0	
1285	0	1285.PNG	0	0	
1286	0	1286.PNG	0	0	
1287	1	1287.PNG	0	1287_label.PNG
1288	0	1288.PNG	0	0	
1289	0	1289.PNG	0	0	
1290	0	1290.PNG	0	0	
1291	0	1291.PNG	0	0	
1292	0	1292.PNG	0	0	
1293	0	1293.PNG	0	0	
1294	0	1294.PNG	0	0	
1295	0	1295.PNG	0	0	
1296	0	1296.PNG	0	0	
1297	1	1297.PNG	0	1297_label.PNG
1298	0	1298.PNG	0	0	
1299	0	1299.PNG	0	0	
1300	1	1300.PNG	0	1300_label.PNG
1301	1	1301.PNG	0	1301_label.PNG
1302	0	1302.PNG	0	0	
1303	0	1303.PNG	0	0	
1304	0	1304.PNG	0	0	
1305	0	1305.PNG	0	0	
1306	0	1306.PNG	0	0	
1307	0	1307.PNG	0	0	
1308	0	1308.PNG	0	0	
1309	0	1309.PNG	0	0	
1310	0	1310.PNG	0	0	
1311	0	1311.PNG	0	0	
1312	0	1312.PNG	0	0	
1313	0	1313.PNG	0	0	
1314	0	1314.PNG	0	0	
1315	0	1315.PNG	0	0	
1316	0	1316.PNG	0	0	
1317	0	1317.PNG	0	0	
1318	0	1318.PNG	0	0	
1319	1	1319.PNG	0	1319_label.PNG
1320	0	1320.PNG	0	0	
1321	1	1321.PNG	0	1321_label.PNG
1322	0	1322.PNG	0	0	
1323	0	1323.PNG	0	0	
1324	0	1324.PNG	0	0	
1325	0	1325.PNG	0	0	
1326	0	1326.PNG	0	0	
1327	0	1327.PNG	0	0	
1328	1	1328.PNG	0	1328_label.PNG
1329	1	1329.PNG	0	1329_label.PNG
1330	0	1330.PNG	0	0	
1331	0	1331.PNG	0	0	
1332	0	1332.PNG	0	0	
1333	0	1333.PNG	0	0	
1334	0	1334.PNG	0	0	
1335	0	1335.PNG	0	0	
1336	0	1336.PNG	0	0	
1337	0	1337.PNG	0	0	
1338	0	1338.PNG	0	0	
1339	0	1339.PNG	0	0	
1340	0	1340.PNG	0	0	
1341	0	1341.PNG	0	0	
1342	0	1342.PNG	0	0	
1343	0	1343.PNG	0	0	
1344	0	1344.PNG	0	0	
1345	0	1345.PNG	0	0	
1346	0	1346.PNG	0	0	
1347	0	1347.PNG	0	0	
1348	0	1348.PNG	0	0	
1349	0	1349.PNG	0	0	
1350	0	1350.PNG	0	0	
1351	0	1351.PNG	0	0	
1352	0	1352.PNG	0	0	
1353	0	1353.PNG	0	0	
1354	0	1354.PNG	0	0	
1355	0	1355.PNG	0	0	
1356	0	1356.PNG	0	0	
1357	0	1357.PNG	0	0	
1358	0	1358.PNG	0	0	
1359	0	1359.PNG	0	0	
1360	0	1360.PNG	0	0	
1361	0	1361.PNG	0	0	
1362	0	1362.PNG	0	0	
1363	0	1363.PNG	0	0	
1364	1	1364.PNG	0	1364_label.PNG
1365	0	1365.PNG	0	0	
1366	0	1366.PNG	0	0	
1367	1	1367.PNG	0	1367_label.PNG
1368	0	1368.PNG	0	0	
1369	0	1369.PNG	0	0	
1370	0	1370.PNG	0	0	
1371	0	1371.PNG	0	0	
1372	0	1372.PNG	0	0	
1373	0	1373.PNG	0	0	
1374	0	1374.PNG	0	0	
1375	0	1375.PNG	0	0	
1376	0	1376.PNG	0	0	
1377	0	1377.PNG	0	0	
1378	0	1378.PNG	0	0	
1379	0	1379.PNG	0	0	
1380	0	1380.PNG	0	0	
1381	0	1381.PNG	0	0	
1382	0	1382.PNG	0	0	
1383	0	1383.PNG	0	0	
1384	0	1384.PNG	0	0	
1385	0	1385.PNG	0	0	
1386	0	1386.PNG	0	0	
1387	0	1387.PNG	0	0	
1388	0	1388.PNG	0	0	
1389	0	1389.PNG	0	0	
1390	0	1390.PNG	0	0	
1391	0	1391.PNG	0	0	
1392	0	1392.PNG	0	0	
1393	0	1393.PNG	0	0	
1394	0	1394.PNG	0	0	
1395	1	1395.PNG	0	1395_label.PNG
1396	0	1396.PNG	0	0	
1397	0	1397.PNG	0	0	
1398	0	1398.PNG	0	0	
1399	0	1399.PNG	0	0	
1400	0	1400.PNG	0	0	
1401	0	1401.PNG	0	0	
1402	0	1402.PNG	0	0	
1403	0	1403.PNG	0	0	
1404	0	1404.PNG	0	0	
1405	0	1405.PNG	0	0	
1406	1	1406.PNG	0	1406_label.PNG
1407	0	1407.PNG	0	0	
1408	0	1408.PNG	0	0	
1409	0	1409.PNG	0	0	
1410	1	1410.PNG	0	1410_label.PNG
1411	0	1411.PNG	0	0	
1412	0	1412.PNG	0	0	
1413	0	1413.PNG	0	0	
1414	0	1414.PNG	0	0	
1415	0	1415.PNG	0	0	
1416	0	1416.PNG	0	0	
1417	0	1417.PNG	0	0	
1418	1	1418.PNG	0	1418_label.PNG
1419	0	1419.PNG	0	0	
1420	0	1420.PNG	0	0	
1421	0	1421.PNG	0	0	
1422	0	1422.PNG	0	0	
1423	0	1423.PNG	0	0	
1424	0	1424.PNG	0	0	
1425	0	1425.PNG	0	0	
1426	0	1426.PNG	0	0	
1427	1	1427.PNG	0	1427_label.PNG
1428	0	1428.PNG	0	0	
1429	0	1429.PNG	0	0	
1430	0	1430.PNG	0	0	
1431	0	1431.PNG	0	0	
1432	0	1432.PNG	0	0	
1433	0	1433.PNG	0	0	
1434	0	1434.PNG	0	0	
1435	1	1435.PNG	0	1435_label.PNG
1436	0	1436.PNG	0	0	
1437	1	1437.PNG	0	1437_label.PNG
1438	0	1438.PNG	0	0	
1439	0	1439.PNG	0	0	
1440	0	1440.PNG	0	0	
1441	0	1441.PNG	0	0	
1442	1	1442.PNG	0	1442_label.PNG
1443	0	1443.PNG	0	0	
1444	0	1444.PNG	0	0	
1445	0	1445.PNG	0	0	
1446	0	1446.PNG	0	0	
1447	0	1447.PNG	0	0	
1448	0	1448.PNG	0	0	
1449	0	1449.PNG	0	0	
1450	0	1450.PNG	0	0	
1451	0	1451.PNG	0	0	
1452	0	1452.PNG	0	0	
1453	0	1453.PNG	0	0	
1454	0	1454.PNG	0	0	
1455	0	1455.PNG	0	0	
1456	0	1456.PNG	0	0	
1457	0	1457.PNG	0	0	
1458	0	1458.PNG	0	0	
1459	0	1459.PNG	0	0	
1460	0	1460.PNG	0	0	
1461	1	1461.PNG	0	1461_label.PNG
1462	1	1462.PNG	0	1462_label.PNG
1463	0	1463.PNG	0	0	
1464	0	1464.PNG	0	0	
1465	0	1465.PNG	0	0	
1466	0	1466.PNG	0	0	
1467	0	1467.PNG	0	0	
1468	0	1468.PNG	0	0	
1469	0	1469.PNG	0	0	
1470	0	1470.PNG	0	0	
1471	0	1471.PNG	0	0	
1472	1	1472.PNG	0	1472_label.PNG
1473	0	1473.PNG	0	0	
1474	0	1474.PNG	0	0	
1475	1	1475.PNG	0	1475_label.PNG
1476	0	1476.PNG	0	0	
1477	0	1477.PNG	0	0	
1478	0	1478.PNG	0	0	
1479	0	1479.PNG	0	0	
1480	0	1480.PNG	0	0	
1481	0	1481.PNG	0	0	
1482	0	1482.PNG	0	0	
1483	0	1483.PNG	0	0	
1484	1	1484.PNG	0	1484_label.PNG
1485	0	1485.PNG	0	0	
1486	1	1486.PNG	0	1486_label.PNG
1487	0	1487.PNG	0	0	
1488	0	1488.PNG	0	0	
1489	0	1489.PNG	0	0	
1490	0	1490.PNG	0	0	
1491	0	1491.PNG	0	0	
1492	0	1492.PNG	0	0	
1493	0	1493.PNG	0	0	
1494	1	1494.PNG	0	1494_label.PNG
1495	0	1495.PNG	0	0	
1496	0	1496.PNG	0	0	
1497	0	1497.PNG	0	0	
1498	0	1498.PNG	0	0	
1499	0	1499.PNG	0	0	
1500	0	1500.PNG	0	0	
1501	0	1501.PNG	0	0	
1502	0	1502.PNG	0	0	
1503	0	1503.PNG	0	0	
1504	0	1504.PNG	0	0	
1505	0	1505.PNG	0	0	
1506	0	1506.PNG	0	0	
1507	0	1507.PNG	0	0	
1508	0	1508.PNG	0	0	
1509	0	1509.PNG	0	0	
1510	0	1510.PNG	0	0	
1511	0	1511.PNG	0	0	
1512	0	1512.PNG	0	0	
1513	1	1513.PNG	0	1513_label.PNG
1514	0	1514.PNG	0	0	
1515	0	1515.PNG	0	0	
1516	0	1516.PNG	0	0	
1517	0	1517.PNG	0	0	
1518	0	1518.PNG	0	0	
1519	0	1519.PNG	0	0	
1520	0	1520.PNG	0	0	
1521	1	1521.PNG	0	1521_label.PNG
1522	0	1522.PNG	0	0	
1523	1	1523.PNG	0	1523_label.PNG
1524	0	1524.PNG	0	0	
1525	0	1525.PNG	0	0	
1526	0	1526.PNG	0	0	
1527	0	1527.PNG	0	0	
1528	0	1528.PNG	0	0	
1529	0	1529.PNG	0	0	
1530	0	1530.PNG	0	0	
1531	0	1531.PNG	0	0	
1532	0	1532.PNG	0	0	
1533	0	1533.PNG	0	0	
1534	0	1534.PNG	0	0	
1535	0	1535.PNG	0	0	
1536	0	1536.PNG	0	0	
1537	0	1537.PNG	0	0	
1538	0	1538.PNG	0	0	
1539	0	1539.PNG	0	0	
1540	0	1540.PNG	0	0	
1541	0	1541.PNG	0	0	
1542	0	1542.PNG	0	0	
1543	0	1543.PNG	0	0	
1544	0	1544.PNG	0	0	
1545	1	1545.PNG	0	1545_label.PNG
1546	0	1546.PNG	0	0	
1547	0	1547.PNG	0	0	
1548	0	1548.PNG	0	0	
1549	0	1549.PNG	0	0	
1550	0	1550.PNG	0	0	
1551	0	1551.PNG	0	0	
1552	0	1552.PNG	0	0	
1553	1	1553.PNG	0	1553_label.PNG
1554	0	1554.PNG	0	0	
1555	0	1555.PNG	0	0	
1556	0	1556.PNG	0	0	
1557	0	1557.PNG	0	0	
1558	0	1558.PNG	0	0	
1559	0	1559.PNG	0	0	
1560	1	1560.PNG	0	1560_label.PNG
1561	0	1561.PNG	0	0	
1562	0	1562.PNG	0	0	
1563	0	1563.PNG	0	0	
1564	0	1564.PNG	0	0	
1565	0	1565.PNG	0	0	
1566	0	1566.PNG	0	0	
1567	0	1567.PNG	0	0	
1568	0	1568.PNG	0	0	
1569	0	1569.PNG	0	0	
1570	0	1570.PNG	0	0	
1571	0	1571.PNG	0	0	
1572	0	1572.PNG	0	0	
1573	0	1573.PNG	0	0	
1574	0	1574.PNG	0	0	
1575	0	1575.PNG	0	0	
1576	0	1576.PNG	0	0	
1577	0	1577.PNG	0	0	
1578	0	1578.PNG	0	0	
1579	0	1579.PNG	0	0	
1580	1	1580.PNG	0	1580_label.PNG
1581	1	1581.PNG	0	1581_label.PNG
1582	0	1582.PNG	0	0	
1583	0	1583.PNG	0	0	
1584	0	1584.PNG	0	0	
1585	0	1585.PNG	0	0	
1586	0	1586.PNG	0	0	
1587	0	1587.PNG	0	0	
1588	0	1588.PNG	0	0	
1589	1	1589.PNG	0	1589_label.PNG
1590	1	1590.PNG	0	1590_label.PNG
1591	0	1591.PNG	0	0	
1592	0	1592.PNG	0	0	
1593	0	1593.PNG	0	0	
1594	0	1594.PNG	0	0	
1595	0	1595.PNG	0	0	
1596	0	1596.PNG	0	0	
1597	0	1597.PNG	0	0	
1598	0	1598.PNG	0	0	
1599	0	1599.PNG	0	0	
1600	0	1600.PNG	0	0	
1601	0	1601.PNG	0	0	
1602	0	1602.PNG	0	0	
1603	0	1603.PNG	0	0	
1604	0	1604.PNG	0	0	
1605	0	1605.PNG	0	0	
1606	0	1606.PNG	0	0	
1607	0	1607.PNG	0	0	
1608	0	1608.PNG	0	0	
1609	1	1609.PNG	0	1609_label.PNG
1610	0	1610.PNG	0	0	
1611	1	1611.PNG	0	1611_label.PNG
1612	0	1612.PNG	0	0	
1613	0	1613.PNG	0	0	
1614	0	1614.PNG	0	0	
1615	0	1615.PNG	0	0	
1616	1	1616.PNG	0	1616_label.PNG
1617	0	1617.PNG	0	0	
1618	0	1618.PNG	0	0	
1619	0	1619.PNG	0	0	
1620	0	1620.PNG	0	0	
1621	0	1621.PNG	0	0	
1622	0	1622.PNG	0	0	
1623	0	1623.PNG	0	0	
1624	0	1624.PNG	0	0	
1625	0	1625.PNG	0	0	
1626	0	1626.PNG	0	0	
1627	0	1627.PNG	0	0	
1628	0	1628.PNG	0	0	
1629	0	1629.PNG	0	0	
1630	0	1630.PNG	0	0	
1631	0	1631.PNG	0	0	
1632	0	1632.PNG	0	0	
1633	1	1633.PNG	0	1633_label.PNG
1634	0	1634.PNG	0	0	
1635	1	1635.PNG	0	1635_label.PNG
1636	1	1636.PNG	0	1636_label.PNG
1637	0	1637.PNG	0	0	
1638	0	1638.PNG	0	0	
1639	0	1639.PNG	0	0	
1640	0	1640.PNG	0	0	
1641	0	1641.PNG	0	0	
1642	0	1642.PNG	0	0	
1643	0	1643.PNG	0	0	
1644	0	1644.PNG	0	0	
1645	1	1645.PNG	0	1645_label.PNG
1646	0	1646.PNG	0	0	
1647	0	1647.PNG	0	0	
1648	0	1648.PNG	0	0	
1649	0	1649.PNG	0	0	
1650	0	1650.PNG	0	0	
1651	0	1651.PNG	0	0	
1652	0	1652.PNG	0	0	
1653	1	1653.PNG	0	1653_label.PNG
1654	0	1654.PNG	0	0	
1655	0	1655.PNG	0	0	
1656	0	1656.PNG	0	0	
1657	0	1657.PNG	0	0	
1658	0	1658.PNG	0	0	
1659	0	1659.PNG	0	0	
1660	0	1660.PNG	0	0	
1661	0	1661.PNG	0	0	
1662	0	1662.PNG	0	0	
1663	0	1663.PNG	0	0	
1664	0	1664.PNG	0	0	
1665	0	1665.PNG	0	0	
1666	0	1666.PNG	0	0	
1667	0	1667.PNG	0	0	
1668	0	1668.PNG	0	0	
1669	0	1669.PNG	0	0	
1670	0	1670.PNG	0	0	
1671	0	1671.PNG	0	0	
1672	0	1672.PNG	0	0	
1673	0	1673.PNG	0	0	
1674	0	1674.PNG	0	0	
1675	0	1675.PNG	0	0	
1676	0	1676.PNG	0	0	
1677	0	1677.PNG	0	0	
1678	1	1678.PNG	0	1678_label.PNG
1679	0	1679.PNG	0	0	
1680	0	1680.PNG	0	0	
1681	0	1681.PNG	0	0	
1682	0	1682.PNG	0	0	
1683	0	1683.PNG	0	0	
1684	0	1684.PNG	0	0	
1685	0	1685.PNG	0	0	
1686	0	1686.PNG	0	0	
1687	0	1687.PNG	0	0	
1688	0	1688.PNG	0	0	
1689	0	1689.PNG	0	0	
1690	0	1690.PNG	0	0	
1691	0	1691.PNG	0	0	
1692	1	1692.PNG	0	1692_label.PNG
1693	0	1693.PNG	0	0	
1694	0	1694.PNG	0	0	
1695	0	1695.PNG	0	0	
1696	0	1696.PNG	0	0	
1697	0	1697.PNG	0	0	
1698	0	1698.PNG	0	0	
1699	1	1699.PNG	0	1699_label.PNG
1700	0	1700.PNG	0	0	
1701	0	1701.PNG	0	0	
1702	1	1702.PNG	0	1702_label.PNG
1703	0	1703.PNG	0	0	
1704	0	1704.PNG	0	0	
1705	0	1705.PNG	0	0	
1706	0	1706.PNG	0	0	
1707	0	1707.PNG	0	0	
1708	1	1708.PNG	0	1708_label.PNG
1709	0	1709.PNG	0	0	
1710	0	1710.PNG	0	0	
1711	0	1711.PNG	0	0	
1712	0	1712.PNG	0	0	
1713	0	1713.PNG	0	0	
1714	1	1714.PNG	0	1714_label.PNG
1715	0	1715.PNG	0	0	
1716	0	1716.PNG	0	0	
1717	0	1717.PNG	0	0	
1718	0	1718.PNG	0	0	
1719	0	1719.PNG	0	0	
1720	0	1720.PNG	0	0	
1721	0	1721.PNG	0	0	
1722	0	1722.PNG	0	0	
1723	0	1723.PNG	0	0	
1724	0	1724.PNG	0	0	
1725	0	1725.PNG	0	0	
1726	0	1726.PNG	0	0	
1727	0	1727.PNG	0	0	
1728	0	1728.PNG	0	0	
1729	0	1729.PNG	0	0	
1730	0	1730.PNG	0	0	
1731	0	1731.PNG	0	0	
1732	0	1732.PNG	0	0	
1733	1	1733.PNG	0	1733_label.PNG
1734	0	1734.PNG	0	0	
1735	0	1735.PNG	0	0	
1736	0	1736.PNG	0	0	
1737	0	1737.PNG	0	0	
1738	0	1738.PNG	0	0	
1739	0	1739.PNG	0	0	
1740	0	1740.PNG	0	0	
1741	0	1741.PNG	0	0	
1742	0	1742.PNG	0	0	
1743	0	1743.PNG	0	0	
1744	0	1744.PNG	0	0	
1745	0	1745.PNG	0	0	
1746	0	1746.PNG	0	0	
1747	0	1747.PNG	0	0	
1748	0	1748.PNG	0	0	
1749	0	1749.PNG	0	0	
1750	1	1750.PNG	0	1750_label.PNG
1751	0	1751.PNG	0	0	
1752	0	1752.PNG	0	0	
1753	0	1753.PNG	0	0	
1754	0	1754.PNG	0	0	
1755	0	1755.PNG	0	0	
1756	0	1756.PNG	0	0	
1757	0	1757.PNG	0	0	
1758	1	1758.PNG	0	1758_label.PNG
1759	0	1759.PNG	0	0	
1760	0	1760.PNG	0	0	
1761	0	1761.PNG	0	0	
1762	0	1762.PNG	0	0	
1763	0	1763.PNG	0	0	
1764	0	1764.PNG	0	0	
1765	0	1765.PNG	0	0	
1766	0	1766.PNG	0	0	
1767	0	1767.PNG	0	0	
1768	0	1768.PNG	0	0	
1769	0	1769.PNG	0	0	
1770	1	1770.PNG	0	1770_label.PNG
1771	0	1771.PNG	0	0	
1772	0	1772.PNG	0	0	
1773	0	1773.PNG	0	0	
1774	0	1774.PNG	0	0	
1775	0	1775.PNG	0	0	
1776	0	1776.PNG	0	0	
1777	0	1777.PNG	0	0	
1778	0	1778.PNG	0	0	
1779	0	1779.PNG	0	0	
1780	0	1780.PNG	0	0	
1781	0	1781.PNG	0	0	
1782	0	1782.PNG	0	0	
1783	1	1783.PNG	0	1783_label.PNG
1784	0	1784.PNG	0	0	
1785	0	1785.PNG	0	0	
1786	0	1786.PNG	0	0	
1787	1	1787.PNG	0	1787_label.PNG
1788	0	1788.PNG	0	0	
1789	0	1789.PNG	0	0	
1790	0	1790.PNG	0	0	
1791	0	1791.PNG	0	0	
1792	0	1792.PNG	0	0	
1793	1	1793.PNG	0	1793_label.PNG
1794	0	1794.PNG	0	0	
1795	0	1795.PNG	0	0	
1796	0	1796.PNG	0	0	
1797	1	1797.PNG	0	1797_label.PNG
1798	0	1798.PNG	0	0	
1799	0	1799.PNG	0	0	
1800	0	1800.PNG	0	0	
1801	0	1801.PNG	0	0	
1802	0	1802.PNG	0	0	
1803	1	1803.PNG	0	1803_label.PNG
1804	0	1804.PNG	0	0	
1805	0	1805.PNG	0	0	
1806	1	1806.PNG	0	1806_label.PNG
1807	0	1807.PNG	0	0	
1808	0	1808.PNG	0	0	
1809	0	1809.PNG	0	0	
1810	0	1810.PNG	0	0	
1811	1	1811.PNG	0	1811_label.PNG
1812	1	1812.PNG	0	1812_label.PNG
1813	0	1813.PNG	0	0	
1814	0	1814.PNG	0	0	
1815	0	1815.PNG	0	0	
1816	0	1816.PNG	0	0	
1817	0	1817.PNG	0	0	
1818	0	1818.PNG	0	0	
1819	0	1819.PNG	0	0	
1820	0	1820.PNG	0	0	
1821	0	1821.PNG	0	0	
1822	1	1822.PNG	0	1822_label.PNG
1823	0	1823.PNG	0	0	
1824	0	1824.PNG	0	0	
1825	0	1825.PNG	0	0	
1826	0	1826.PNG	0	0	
1827	0	1827.PNG	0	0	
1828	0	1828.PNG	0	0	
1829	0	1829.PNG	0	0	
1830	0	1830.PNG	0	0	
1831	1	1831.PNG	0	1831_label.PNG
1832	0	1832.PNG	0	0	
1833	0	1833.PNG	0	0	
1834	0	1834.PNG	0	0	
1835	1	1835.PNG	0	1835_label.PNG
1836	0	1836.PNG	0	0	
1837	0	1837.PNG	0	0	
1838	0	1838.PNG	0	0	
1839	0	1839.PNG	0	0	
1840	0	1840.PNG	0	0	
1841	0	1841.PNG	0	0	
1842	0	1842.PNG	0	0	
1843	0	1843.PNG	0	0	
1844	0	1844.PNG	0	0	
1845	0	1845.PNG	0	0	
1846	0	1846.PNG	0	0	
1847	0	1847.PNG	0	0	
1848	0	1848.PNG	0	0	
1849	0	1849.PNG	0	0	
1850	0	1850.PNG	0	0	
1851	0	1851.PNG	0	0	
1852	0	1852.PNG	0	0	
1853	0	1853.PNG	0	0	
1854	0	1854.PNG	0	0	
1855	0	1855.PNG	0	0	
1856	0	1856.PNG	0	0	
1857	0	1857.PNG	0	0	
1858	0	1858.PNG	0	0	
1859	0	1859.PNG	0	0	
1860	0	1860.PNG	0	0	
1861	0	1861.PNG	0	0	
1862	0	1862.PNG	0	0	
1863	0	1863.PNG	0	0	
1864	0	1864.PNG	0	0	
1865	0	1865.PNG	0	0	
1866	0	1866.PNG	0	0	
1867	0	1867.PNG	0	0	
1868	0	1868.PNG	0	0	
1869	0	1869.PNG	0	0	
1870	0	1870.PNG	0	0	
1871	0	1871.PNG	0	0	
1872	0	1872.PNG	0	0	
1873	0	1873.PNG	0	0	
1874	0	1874.PNG	0	0	
1875	0	1875.PNG	0	0	
1876	1	1876.PNG	0	1876_label.PNG
1877	0	1877.PNG	0	0	
1878	0	1878.PNG	0	0	
1879	0	1879.PNG	0	0	
1880	0	1880.PNG	0	0	
1881	1	1881.PNG	0	1881_label.PNG
1882	0	1882.PNG	0	0	
1883	0	1883.PNG	0	0	
1884	0	1884.PNG	0	0	
1885	0	1885.PNG	0	0	
1886	0	1886.PNG	0	0	
1887	0	1887.PNG	0	0	
1888	1	1888.PNG	0	1888_label.PNG
1889	0	1889.PNG	0	0	
1890	0	1890.PNG	0	0	
1891	0	1891.PNG	0	0	
1892	0	1892.PNG	0	0	
1893	0	1893.PNG	0	0	
1894	1	1894.PNG	0	1894_label.PNG
1895	0	1895.PNG	0	0	
1896	0	1896.PNG	0	0	
1897	0	1897.PNG	0	0	
1898	0	1898.PNG	0	0	
1899	0	1899.PNG	0	0	
1900	0	1900.PNG	0	0	
1901	0	1901.PNG	0	0	
1902	0	1902.PNG	0	0	
1903	0	1903.PNG	0	0	
1904	0	1904.PNG	0	0	
1905	0	1905.PNG	0	0	
1906	0	1906.PNG	0	0	
1907	0	1907.PNG	0	0	
1908	0	1908.PNG	0	0	
1909	0	1909.PNG	0	0	
1910	0	1910.PNG	0	0	
1911	0	1911.PNG	0	0	
1912	0	1912.PNG	0	0	
1913	0	1913.PNG	0	0	
1914	0	1914.PNG	0	0	
1915	0	1915.PNG	0	0	
1916	0	1916.PNG	0	0	
1917	0	1917.PNG	0	0	
1918	0	1918.PNG	0	0	
1919	0	1919.PNG	0	0	
1920	0	1920.PNG	0	0	
1921	0	1921.PNG	0	0	
1922	0	1922.PNG	0	0	
1923	1	1923.PNG	0	1923_label.PNG
1924	0	1924.PNG	0	0	
1925	0	1925.PNG	0	0	
1926	0	1926.PNG	0	0	
1927	0	1927.PNG	0	0	
1928	0	1928.PNG	0	0	
1929	0	1929.PNG	0	0	
1930	0	1930.PNG	0	0	
1931	0	1931.PNG	0	0	
1932	0	1932.PNG	0	0	
1933	0	1933.PNG	0	0	
1934	0	1934.PNG	0	0	
1935	0	1935.PNG	0	0	
1936	0	1936.PNG	0	0	
1937	0	1937.PNG	0	0	
1938	0	1938.PNG	0	0	
1939	0	1939.PNG	0	0	
1940	0	1940.PNG	0	0	
1941	1	1941.PNG	0	1941_label.PNG
1942	0	1942.PNG	0	0	
1943	0	1943.PNG	0	0	
1944	1	1944.PNG	0	1944_label.PNG
1945	0	1945.PNG	0	0	
1946	0	1946.PNG	0	0	
1947	0	1947.PNG	0	0	
1948	1	1948.PNG	0	1948_label.PNG
1949	0	1949.PNG	0	0	
1950	1	1950.PNG	0	1950_label.PNG
1951	0	1951.PNG	0	0	
1952	0	1952.PNG	0	0	
1953	0	1953.PNG	0	0	
1954	0	1954.PNG	0	0	
1955	0	1955.PNG	0	0	
1956	0	1956.PNG	0	0	
1957	0	1957.PNG	0	0	
1958	0	1958.PNG	0	0	
1959	0	1959.PNG	0	0	
1960	0	1960.PNG	0	0	
1961	1	1961.PNG	0	1961_label.PNG
1962	0	1962.PNG	0	0	
1963	0	1963.PNG	0	0	
1964	0	1964.PNG	0	0	
1965	0	1965.PNG	0	0	
1966	0	1966.PNG	0	0	
1967	1	1967.PNG	0	1967_label.PNG
1968	1	1968.PNG	0	1968_label.PNG
1969	0	1969.PNG	0	0	
1970	0	1970.PNG	0	0	
1971	0	1971.PNG	0	0	
1972	0	1972.PNG	0	0	
1973	0	1973.PNG	0	0	
1974	0	1974.PNG	0	0	
1975	0	1975.PNG	0	0	
1976	0	1976.PNG	0	0	
1977	1	1977.PNG	0	1977_label.PNG
1978	0	1978.PNG	0	0	
1979	0	1979.PNG	0	0	
1980	0	1980.PNG	0	0	
1981	0	1981.PNG	0	0	
1982	0	1982.PNG	0	0	
1983	0	1983.PNG	0	0	
1984	0	1984.PNG	0	0	
1985	0	1985.PNG	0	0	
1986	0	1986.PNG	0	0	
1987	0	1987.PNG	0	0	
1988	0	1988.PNG	0	0	
1989	0	1989.PNG	0	0	
1990	1	1990.PNG	0	1990_label.PNG
1991	0	1991.PNG	0	0	
1992	1	1992.PNG	0	1992_label.PNG
1993	0	1993.PNG	0	0	
1994	0	1994.PNG	0	0	
1995	0	1995.PNG	0	0	
1996	0	1996.PNG	0	0	
1997	0	1997.PNG	0	0	
1998	0	1998.PNG	0	0	
1999	0	1999.PNG	0	0	
2000	1	2000.PNG	0	2000_label.PNG
2001	0	2001.PNG	0	0	
2002	0	2002.PNG	0	0	
2003	0	2003.PNG	0	0	
2004	0	2004.PNG	0	0	
2005	0	2005.PNG	0	0	
2006	0	2006.PNG	0	0	
2007	0	2007.PNG	0	0	
2008	0	2008.PNG	0	0	
2009	0	2009.PNG	0	0	
2010	1	2010.PNG	0	2010_label.PNG
2011	0	2011.PNG	0	0	
2012	0	2012.PNG	0	0	
2013	1	2013.PNG	0	2013_label.PNG
2014	0	2014.PNG	0	0	
2015	0	2015.PNG	0	0	
2016	0	2016.PNG	0	0	
2017	0	2017.PNG	0	0	
2018	0	2018.PNG	0	0	
2019	0	2019.PNG	0	0	
2020	0	2020.PNG	0	0	
2021	0	2021.PNG	0	0	
2022	1	2022.PNG	0	2022_label.PNG
2023	0	2023.PNG	0	0	
2024	0	2024.PNG	0	0	
2025	1	2025.PNG	0	2025_label.PNG
2026	0	2026.PNG	0	0	
2027	0	2027.PNG	0	0	
2028	0	2028.PNG	0	0	
2029	0	2029.PNG	0	0	
2030	0	2030.PNG	0	0	
2031	0	2031.PNG	0	0	
2032	0	2032.PNG	0	0	
2033	0	2033.PNG	0	0	
2034	1	2034.PNG	0	2034_label.PNG
2035	0	2035.PNG	0	0	
2036	0	2036.PNG	0	0	
2037	1	2037.PNG	0	2037_label.PNG
2038	0	2038.PNG	0	0	
2039	1	2039.PNG	0	2039_label.PNG
2040	0	2040.PNG	0	0	
2041	0	2041.PNG	0	0	
2042	0	2042.PNG	0	0	
2043	1	2043.PNG	0	2043_label.PNG
2044	0	2044.PNG	0	0	
2045	0	2045.PNG	0	0	
2046	0	2046.PNG	0	0	
2047	1	2047.PNG	0	2047_label.PNG
2048	0	2048.PNG	0	0	
2049	0	2049.PNG	0	0	
2050	0	2050.PNG	0	0	
2051	0	2051.PNG	0	0	
2052	1	2052.PNG	0	2052_label.PNG
2053	1	2053.PNG	0	2053_label.PNG
2054	1	2054.PNG	0	2054_label.PNG
2055	0	2055.PNG	0	0	
2056	0	2056.PNG	0	0	
2057	0	2057.PNG	0	0	
2058	0	2058.PNG	0	0	
2059	0	2059.PNG	0	0	
2060	0	2060.PNG	0	0	
2061	0	2061.PNG	0	0	
2062	0	2062.PNG	0	0	
2063	0	2063.PNG	0	0	
2064	0	2064.PNG	0	0	
2065	0	2065.PNG	0	0	
2066	0	2066.PNG	0	0	
2067	0	2067.PNG	0	0	
2068	0	2068.PNG	0	0	
2069	0	2069.PNG	0	0	
2070	0	2070.PNG	0	0	
2071	0	2071.PNG	0	0	
2072	0	2072.PNG	0	0	
2073	0	2073.PNG	0	0	
2074	0	2074.PNG	0	0	
2075	0	2075.PNG	0	0	
2076	0	2076.PNG	0	0	
2077	1	2077.PNG	0	2077_label.PNG
2078	0	2078.PNG	0	0	
2079	0	2079.PNG	0	0	
2080	1	2080.PNG	0	2080_label.PNG
2081	0	2081.PNG	0	0	
2082	0	2082.PNG	0	0	
2083	0	2083.PNG	0	0	
2084	0	2084.PNG	0	0	
2085	0	2085.PNG	0	0	
2086	0	2086.PNG	0	0	
2087	0	2087.PNG	0	0	
2088	0	2088.PNG	0	0	
2089	0	2089.PNG	0	0	
2090	0	2090.PNG	0	0	
2091	0	2091.PNG	0	0	
2092	0	2092.PNG	0	0	
2093	0	2093.PNG	0	0	
2094	0	2094.PNG	0	0	
2095	0	2095.PNG	0	0	
2096	0	2096.PNG	0	0	
2097	0	2097.PNG	0	0	
2098	0	2098.PNG	0	0	
2099	1	2099.PNG	0	2099_label.PNG
2100	0	2100.PNG	0	0	
2101	0	2101.PNG	0	0	
2102	1	2102.PNG	0	2102_label.PNG
2103	1	2103.PNG	0	2103_label.PNG
2104	0	2104.PNG	0	0	
2105	0	2105.PNG	0	0	
2106	0	2106.PNG	0	0	
2107	0	2107.PNG	0	0	
2108	0	2108.PNG	0	0	
2109	0	2109.PNG	0	0	
2110	0	2110.PNG	0	0	
2111	0	2111.PNG	0	0	
2112	0	2112.PNG	0	0	
2113	0	2113.PNG	0	0	
2114	0	2114.PNG	0	0	
2115	0	2115.PNG	0	0	
2116	0	2116.PNG	0	0	
2117	0	2117.PNG	0	0	
2118	0	2118.PNG	0	0	
2119	1	2119.PNG	0	2119_label.PNG
2120	0	2120.PNG	0	0	
2121	0	2121.PNG	0	0	
2122	0	2122.PNG	0	0	
2123	0	2123.PNG	0	0	
2124	1	2124.PNG	0	2124_label.PNG
2125	0	2125.PNG	0	0	
2126	0	2126.PNG	0	0	
2127	0	2127.PNG	0	0	
2128	0	2128.PNG	0	0	
2129	0	2129.PNG	0	0	
2130	1	2130.PNG	0	2130_label.PNG
2131	0	2131.PNG	0	0	
2132	0	2132.PNG	0	0	
2133	0	2133.PNG	0	0	
2134	1	2134.PNG	0	2134_label.PNG
2135	0	2135.PNG	0	0	
2136	0	2136.PNG	0	0	
2137	0	2137.PNG	0	0	
2138	0	2138.PNG	0	0	
2139	0	2139.PNG	0	0	
2140	0	2140.PNG	0	0	
2141	0	2141.PNG	0	0	
2142	0	2142.PNG	0	0	
2143	0	2143.PNG	0	0	
2144	0	2144.PNG	0	0	
2145	0	2145.PNG	0	0	
2146	0	2146.PNG	0	0	
2147	0	2147.PNG	0	0	
2148	0	2148.PNG	0	0	
2149	0	2149.PNG	0	0	
2150	0	2150.PNG	0	0	
2151	0	2151.PNG	0	0	
2152	0	2152.PNG	0	0	
2153	0	2153.PNG	0	0	
2154	0	2154.PNG	0	0	
2155	0	2155.PNG	0	0	
2156	0	2156.PNG	0	0	
2157	0	2157.PNG	0	0	
2158	0	2158.PNG	0	0	
2159	0	2159.PNG	0	0	
2160	0	2160.PNG	0	0	
2161	1	2161.PNG	0	2161_label.PNG
2162	0	2162.PNG	0	0	
2163	1	2163.PNG	0	2163_label.PNG
2164	0	2164.PNG	0	0	
2165	0	2165.PNG	0	0	
2166	0	2166.PNG	0	0	
2167	0	2167.PNG	0	0	
2168	0	2168.PNG	0	0	
2169	1	2169.PNG	0	2169_label.PNG
2170	0	2170.PNG	0	0	
2171	0	2171.PNG	0	0	
2172	0	2172.PNG	0	0	
2173	0	2173.PNG	0	0	
2174	0	2174.PNG	0	0	
2175	0	2175.PNG	0	0	
2176	0	2176.PNG	0	0	
2177	0	2177.PNG	0	0	
2178	0	2178.PNG	0	0	
2179	0	2179.PNG	0	0	
2180	0	2180.PNG	0	0	
2181	0	2181.PNG	0	0	
2182	0	2182.PNG	0	0	
2183	0	2183.PNG	0	0	
2184	0	2184.PNG	0	0	
2185	0	2185.PNG	0	0	
2186	0	2186.PNG	0	0	
2187	0	2187.PNG	0	0	
2188	0	2188.PNG	0	0	
2189	0	2189.PNG	0	0	
2190	0	2190.PNG	0	0	
2191	0	2191.PNG	0	0	
2192	0	2192.PNG	0	0	
2193	0	2193.PNG	0	0	
2194	0	2194.PNG	0	0	
2195	0	2195.PNG	0	0	
2196	1	2196.PNG	0	2196_label.PNG
2197	0	2197.PNG	0	0	
2198	0	2198.PNG	0	0	
2199	0	2199.PNG	0	0	
2200	1	2200.PNG	0	2200_label.PNG
2201	0	2201.PNG	0	0	
2202	0	2202.PNG	0	0	
2203	0	2203.PNG	0	0	
2204	0	2204.PNG	0	0	
2205	0	2205.PNG	0	0	
2206	0	2206.PNG	0	0	
2207	0	2207.PNG	0	0	
2208	0	2208.PNG	0	0	
2209	0	2209.PNG	0	0	
2210	0	2210.PNG	0	0	
2211	0	2211.PNG	0	0	
2212	0	2212.PNG	0	0	
2213	0	2213.PNG	0	0	
2214	0	2214.PNG	0	0	
2215	0	2215.PNG	0	0	
2216	0	2216.PNG	0	0	
2217	0	2217.PNG	0	0	
2218	0	2218.PNG	0	0	
2219	0	2219.PNG	0	0	
2220	0	2220.PNG	0	0	
2221	0	2221.PNG	0	0	
2222	0	2222.PNG	0	0	
2223	1	2223.PNG	0	2223_label.PNG
2224	0	2224.PNG	0	0	
2225	0	2225.PNG	0	0	
2226	0	2226.PNG	0	0	
2227	0	2227.PNG	0	0	
2228	1	2228.PNG	0	2228_label.PNG
2229	0	2229.PNG	0	0	
2230	0	2230.PNG	0	0	
2231	0	2231.PNG	0	0	
2232	0	2232.PNG	0	0	
2233	0	2233.PNG	0	0	
2234	0	2234.PNG	0	0	
2235	0	2235.PNG	0	0	
2236	0	2236.PNG	0	0	
2237	0	2237.PNG	0	0	
2238	0	2238.PNG	0	0	
2239	1	2239.PNG	0	2239_label.PNG
2240	1	2240.PNG	0	2240_label.PNG
2241	0	2241.PNG	0	0	
2242	0	2242.PNG	0	0	
2243	0	2243.PNG	0	0	
2244	0	2244.PNG	0	0	
2245	0	2245.PNG	0	0	
2246	0	2246.PNG	0	0	
2247	0	2247.PNG	0	0	
2248	1	2248.PNG	0	2248_label.PNG
2249	0	2249.PNG	0	0	
2250	0	2250.PNG	0	0	
2251	0	2251.PNG	0	0	
2252	0	2252.PNG	0	0	
2253	0	2253.PNG	0	0	
2254	1	2254.PNG	0	2254_label.PNG
2255	0	2255.PNG	0	0	
2256	1	2256.PNG	0	2256_label.PNG
2257	0	2257.PNG	0	0	
2258	0	2258.PNG	0	0	
2259	0	2259.PNG	0	0	
2260	0	2260.PNG	0	0	
2261	0	2261.PNG	0	0	
2262	0	2262.PNG	0	0	
2263	0	2263.PNG	0	0	
2264	0	2264.PNG	0	0	
2265	0	2265.PNG	0	0	
2266	0	2266.PNG	0	0	
2267	0	2267.PNG	0	0	
2268	0	2268.PNG	0	0	
2269	1	2269.PNG	0	2269_label.PNG
2270	1	2270.PNG	0	2270_label.PNG
2271	0	2271.PNG	0	0	
2272	0	2272.PNG	0	0	
2273	1	2273.PNG	0	2273_label.PNG
2274	0	2274.PNG	0	0	
2275	0	2275.PNG	0	0	
2276	0	2276.PNG	0	0	
2277	0	2277.PNG	0	0	
2278	0	2278.PNG	0	0	
2279	0	2279.PNG	0	0	
2280	0	2280.PNG	0	0	
2281	0	2281.PNG	0	0	
2282	1	2282.PNG	0	2282_label.PNG
2283	1	2283.PNG	0	2283_label.PNG
2284	1	2284.PNG	0	2284_label.PNG
2285	1	2285.PNG	0	2285_label.PNG
2286	1	2286.PNG	0	2286_label.PNG
2287	1	2287.PNG	0	2287_label.PNG
2288	1	2288.PNG	0	2288_label.PNG
2289	1	2289.PNG	0	2289_label.PNG
2290	1	2290.PNG	0	2290_label.PNG
2291	1	2291.PNG	0	2291_label.PNG
2292	1	2292.PNG	0	2292_label.PNG
2293	1	2293.PNG	0	2293_label.PNG
2294	1	2294.PNG	0	2294_label.PNG
2295	1	2295.PNG	0	2295_label.PNG
2296	1	2296.PNG	0	2296_label.PNG
2297	1	2297.PNG	0	2297_label.PNG
2298	1	2298.PNG	0	2298_label.PNG
2299	1	2299.PNG	0	2299_label.PNG
2300	1	2300.PNG	0	2300_label.PNG
